1.271139822823791654e+01
1.296310403273530909e+01
1.158571296733914657e+01
1.331233968466148632e+01
1.372376806767460877e+01
1.251762176602720267e+01
1.325836238894196839e+01
1.230171471869387823e+01
1.334187058882701393e+01
1.381086426439261849e+01
1.401899056853901193e+01
1.304619524340813363e+01
1.321197741051655328e+01
1.319568631394487568e+01
1.348410746919138070e+01
1.376846819248935283e+01
1.024063205931583553e+01
1.296930570851520770e+01
1.245860387219057408e+01
1.334666096650945555e+01
1.278910027531002314e+01
1.294948406531010399e+01
1.271105562734071270e+01
1.364079101218403878e+01
1.350616071907246507e+01
1.277254509621780443e+01
1.285692526677785175e+01
1.205541020158385912e+01
6.020664776519062400e+00
1.350440534186053121e+01
1.202436835766821055e+01
1.251409577332747602e+01
