2.115736431494028125e+00 1.616172842453410339e+11 1.689364127671144411e+00 6.274191045398305893e+09 3.102625341882476330e+09 4.445313061742869377e+09 8.959804410643518448e+09 6.640492876706428528e+08 7.548607660525364876e+08 6.659218149550760746e-01
2.028858611682891055e+00 3.239023162554853058e+10 1.861277269588336836e+00 2.778164007307978821e+10 2.921650052250666142e+09 2.589070473478273869e+09 1.571125698565836906e+09 2.809793279159141779e+08 4.894990571068077087e+08 8.216409143006521143e-01
1.620402025667810886e+00 3.127077348821067810e+10 2.247482525034199430e+00 4.499764179643898964e+09 6.646964641730172187e+07 1.271582139404561996e+09 2.586711674436461926e+09 4.630588311626197696e+08 1.156542938957529783e+09 4.751982557418433117e+00
1.931259306850638513e+00 1.449348266146985168e+11 1.921985304933456318e+00 5.544376570146925926e+09 2.881802863508944035e+09 4.020863174114113331e+09 3.074409543141855240e+09 2.141687301622276902e+08 6.205832796973863840e+08 1.006975828692832753e+00
2.043951850995743058e+00 4.439871953232943726e+10 2.206791959084387855e+00 2.669145863868829250e+09 1.585398075253311157e+09 8.068078519143455505e+09 1.341722660752583504e+09 4.493713488943628311e+09 7.140353539927599430e+08 1.749961798703940419e+00
1.948873034867413478e+00 9.635478389893600464e+10 1.849049472372340297e+00 7.625359109439265251e+09 4.482053250325575829e+09 7.448871239644774437e+09 4.900478676689056396e+09 4.886426560497359037e+08 7.205526489659259319e+08 9.767716695879483657e-01
2.248472309142675485e+00 3.481950622512282715e+11 1.619379453717427753e+00 5.370988783685604858e+10 3.667927833721081257e+09 4.328608492126340866e+09 2.045172063388518572e+09 2.244143497782333195e+08 7.545957692491029501e+08 8.727467321544740697e-01
2.311710004267056195e+00 2.792990580911294174e+10 1.571723742844051586e+00 1.539149220984125137e+10 1.362251758201693344e+10 8.856310911752546692e+10 2.597463278345062256e+09 1.118847297257467766e+01 5.258430961708269119e+08 9.253682457972161046e-01
1.198511210711280084e+00 3.542131435457459106e+11 4.897640541044661511e+00 1.184520814781759262e+10 8.513987721274941444e+09 3.856653508434856415e+09 1.693621437107383013e+09 2.598894143020832548e+00 6.512152604286731482e+08 6.538069789426823597e-01
2.164635196066215794e+00 2.935942685159674072e+10 2.141284317128175463e+00 7.014257430424736023e+09 2.473374825301856995e+09 3.053057924533309937e+09 8.573912163201496124e+09 4.800307317654237151e+08 1.308667559345351458e+09 1.004710344203105343e+00
2.028388627917296461e+00 8.180896790958990479e+11 2.548359238203228738e+00 3.019007761145549774e+09 1.380933145333576679e+09 4.844044426061045647e+09 1.277654943050295830e+09 3.043018687904204369e+09 8.311940895618506886e+01 1.272274709203752519e+00
1.584480817755185678e+00 3.832960721189830017e+10 1.795092886316743241e+00 3.820368609905456543e+09 1.588579334116949081e+09 1.364075338031192970e+10 1.609598235414465427e+09 4.997492390927749872e+08 6.658869170068297386e+08 3.749535222132264201e-01
2.023903010896738852e+00 2.929852080246259766e+11 1.816247538292821595e+00 3.141637480711067200e+09 1.587877990135071993e+09 3.324009878672754288e+09 1.508386965386857510e+09 5.382630700669311285e+08 6.807141637766630650e+08 6.721413384551379044e-01
1.773466008826948936e+00 4.251546346720500946e+10 1.728049703878224985e+00 7.993594222355329514e+09 3.955058984410872936e+09 8.980823882405420303e+09 3.072946606490341663e+09 5.055046805568797197e+01 8.773676440945880413e+08 1.044701530280393476e+00
3.001039404994499282e+00 2.447856178667692947e+10 2.020477185956023547e+00 1.397520291722319031e+11 2.437362049344161987e+09 4.057677829128046513e+09 4.719081623352578125e+11 9.334710743396333456e+08 8.041568001178215742e+08 4.598491200656149025e-01
1.858107298954612796e+00 4.413285901145021057e+10 2.020305396038349244e+00 9.794099337546972275e+09 1.916592500370981216e+10 4.188938912685888767e+09 2.502312884841561508e+10 8.590001089924319983e+08 1.224480023267752171e+09 8.654647576700101874e-01
1.497404236827985402e+00 5.031270351709622955e+10 7.183568798783288578e-01 2.660306050519845486e+09 2.547898728629079819e+09 4.028723911092930317e+09 1.154160693106774569e+09 1.033797548904718511e+01 7.945852821443495154e+07 4.463890041516490048e-01
2.178951223573064144e+00 5.684970440973286133e+11 1.943545167129825169e+00 4.685233769148352623e+09 1.941996950485070467e+09 4.568690463052865028e+09 9.763632997942301035e+08 3.862488012474155426e+10 5.724511883340058327e+08 4.235553339529724570e-01
1.813912025201466660e+00 3.111351412069292831e+10 2.533828592487809672e+00 3.861703688759309769e+09 1.983667029902936459e+09 1.215450193589541197e+09 1.829577526194386482e+09 1.049194535216097832e+08 7.485441027151529789e+08 2.370846348529767056e+00
1.382444265832028174e+00 8.381428098910375977e+10 2.579001248717204042e+00 6.953034551128217697e+09 2.202336586776741028e+09 2.814924715852978230e+09 1.152108329731465340e+09 1.537793850454327106e+09 6.573455644144901037e+08 1.806404386102786974e+00
2.451359003531738079e+00 3.528921228447443848e+11 1.488468998328671633e+00 7.111025907624620438e+09 3.612100829872918129e+09 6.336047410188392639e+09 3.427840691530289173e+09 8.560809704532319486e+00 1.026149460031426191e+09 8.488107508516569144e-01
2.242511443165617901e+00 1.101716587453650818e+11 1.323878352258155422e+00 2.797596398528691483e+10 1.217260445964003563e+10 7.567127921237751961e+09 3.999456044039430141e+09 7.091664308945119381e+08 9.972801896703268290e+08 7.725444248118231716e-01
1.985044381086490839e+00 3.151363756371644897e+11 1.332188649889187060e+00 3.279591809045781136e+09 5.979187362064597130e+09 1.966490725494715576e+11 1.227023510593075275e+09 1.326927138049703387e+02 2.050917538308373690e+08 8.384421821084799831e-01
1.679895792128548226e+00 5.011704243346948242e+10 1.734279302244818188e+00 6.554738561541723251e+09 3.952497164020982265e+09 1.008243364665785522e+11 1.890458435954373550e+10 3.424326056313359141e+08 1.412027499850601435e+09 9.902734774418358032e-01
1.733600791790199658e+00 2.218548045802837372e+10 2.439982140753466755e+00 4.596365549378871918e+09 2.910818426872282982e+09 6.027663731008265495e+09 2.480009958095163345e+09 3.584931359617313147e+08 7.810662576393887997e+08 4.490022581639876442e+00
2.012036166835103224e+00 4.171402086094046021e+10 2.236541926070218622e+00 5.081802472988251686e+09 2.233953035364245892e+09 8.110093152490856171e+09 1.931510274082656622e+09 3.540223250483666062e+08 6.976689407290693521e+08 1.015725190698355984e+00
2.038005497921390408e+00 2.723684713566716385e+10 2.355617368230943143e+00 6.269360015010297852e+11 1.426511508923642635e+09 2.839494583929753304e+09 1.665865184423310280e+09 2.591657250208357573e+08 5.712094386792272329e+08 1.039236050871838568e+00
1.849328505422743296e+00 1.636299406446452904e+10 2.047664350758508167e+00 6.825643450179226875e+09 1.411446361433042049e+09 2.193221784003067493e+09 1.297812560930839539e+09 5.842808279501153557e+00 4.757877079161189795e+08 1.823421936034131496e+00
2.181657145703490119e+00 2.392980178206336017e+00 2.276212721747285617e+00 1.902969724384944916e+09 4.011786426807530948e-01 9.407975624694304466e+08 6.460597632746770458e+00 6.147640696345436417e+00 8.449700317709137876e-01 3.776942829602000451e+00
1.968985969397899716e+00 1.580846291436802673e+11 1.882903750297582057e+00 3.545494229092950344e+09 2.102542417689935684e+09 2.696525021427505970e+09 1.137671130872651100e+10 5.914580678218860626e+08 8.452258759515088797e+08 8.920174188605963783e-01
1.294572843919004956e+00 5.921102620403998566e+10 1.092276296682218817e+00 1.532184048026363945e+10 4.547801624413229942e+09 7.487574445390931129e+09 4.170335830120654106e+09 8.014160982750743628e+08 9.975431251322770119e+08 1.287969702264412764e+00
1.690006259407793143e+00 2.141353617913998032e+10 2.553475980289929392e+00 2.992433422481841564e+09 1.531418666094889641e+09 1.083711169177739143e+09 2.595631965674087524e+09 9.162466035695541382e+09 6.659686915945177078e+08 1.782930653818262456e+01
