1.481027648020040033e+01
1.498102210362002218e+01
1.264496421466748899e+01
1.538439739130387274e+01
1.591257677047316221e+01
1.446389541051506100e+01
1.511925988504582108e+01
1.428504963485895551e+01
1.486426690780110249e+01
1.565606952809725527e+01
1.630441859651736181e+01
1.498187619346096966e+01
1.512381513722257331e+01
1.513432671044480671e+01
1.510760511847833598e+01
1.534527839298131013e+01
1.203150054742019748e+01
1.434103006276943049e+01
1.480256939203777478e+01
1.470032023926642850e+01
1.449713653707995498e+01
1.472899172552537017e+01
1.409157982807069942e+01
1.520872625538519785e+01
1.553285734399351448e+01
1.485582323406229044e+01
1.449104646873912117e+01
1.424694940968041834e+01
1.085298917862517420e+01
1.530420960804051056e+01
1.379566519587564954e+01
1.391597095179568377e+01
