1.146481397598154706e+00 3.153103288850681686e+10 3.456256526507781146e+00 5.053426385608927727e+09 3.511351306858388901e+09 3.460597191749131203e+09 2.541285727820896149e+09 2.503704539510438919e+09 6.162912649795614481e+08 7.731181637061239620e-01
1.046826564840714235e+00 2.076334237340796280e+10 3.879903190421301495e+00 3.323863059041456985e+10 1.122244970392689323e+10 2.888491011267382622e+09 2.118245085606553316e+09 2.267262284022641754e+10 6.310332632297009230e+08 9.700455341022721223e-01
8.831222622073153783e-01 9.886825208754565430e+10 3.187804039125601285e+00 4.084443250604399872e+10 2.507563247645233631e+09 1.618547142350497007e+09 1.935989988107556820e+09 8.963289310850011110e+08 7.596983478609391451e+08 2.780224136087920517e+07
1.110043363750397694e+00 3.487627274433279419e+10 4.166491797439150879e+00 4.478384059741804123e+09 5.829664099674905777e+09 5.242665993410290718e+09 2.403023916586745739e+09 1.004239539503031492e+09 7.758681961983613968e+08 1.222556763720513251e+00
1.344617634192530886e+00 1.531850955235368042e+11 4.947048173323706166e+00 4.224383002344243526e+09 4.817919258415988922e+10 2.621307075974997520e+09 1.702463823869178295e+09 1.329168619256814718e+09 6.117323033483233452e+08 2.655026823737852482e+00
1.104032198116561059e+00 3.517701148112173462e+10 4.077813409820989499e+00 3.826179841951551437e+09 6.142872539939527512e+09 2.591919715707736015e+09 1.899847445334730625e+09 1.257346953239391088e+09 5.588225832051417828e+08 1.316463118948876909e+00
1.360921014553019948e+00 2.452557187365390015e+10 4.030040266058653842e+00 4.193124471546248436e+09 5.838201511976074219e+09 2.293767390588044643e+09 1.874009612587626696e+09 6.560187360222972631e+08 1.812408154105269623e+10 9.958603119657594149e-01
1.255331472017249261e+00 4.200368482346525574e+10 3.609445666621569515e+00 1.787263829260386658e+10 4.103901037754137039e+09 3.720627598061687946e+09 5.040024940634895325e+09 6.739474129012674093e+08 7.432987331192152500e+08 1.297953540642124759e+00
1.199700382894619555e+00 3.051835017941278076e+10 5.081143773915941964e+00 2.506408561866505623e+09 2.338899031216860294e+09 1.041427639172246742e+10 1.145944906723448038e+09 1.113038897298752872e+01 6.638654126607973576e+08 6.946932378146207787e-01
1.276274778991596248e+00 6.863980701910789490e+10 4.442575677266450640e+00 3.544578030538286591e+10 2.886916891616474152e+09 2.604435245524908066e+09 8.001881523881943703e+09 8.425217531713746786e+08 5.602181900794039965e+08 1.276194470892640487e+00
1.208238178492883286e+00 4.172682174162883759e+10 6.260924105314631838e+00 6.310431414698667908e+10 4.002719678569668293e+09 3.020494508040643311e+10 2.150681270824263573e+09 1.183479421965923309e+09 2.542770152450120236e+01 1.688763214531028733e+00
7.721471110560532702e-01 3.357623730128655624e+10 4.556397724349984912e+00 1.490690711521788597e+10 2.900034203214836597e+09 2.739988934606261730e+09 2.671511949286688805e+09 9.323050995374206305e+08 6.641906022340754271e+08 3.896081233788214471e-01
9.751853477792521430e-01 4.529085207318501282e+10 4.463972344574171025e+00 3.753125537908169556e+10 3.689538473556064606e+09 3.170586119335670948e+09 3.784962496689083576e+09 1.318756770899642467e+09 9.782755030012136698e+08 7.148473903329236601e-01
1.052429603043441686e+00 5.499972566646286011e+10 4.146136083743150458e+00 1.427555401006618690e+10 5.183774348417403221e+09 3.809517977981581211e+09 2.523892017190874100e+09 1.606754401579356384e+11 6.887612624156380892e+08 1.616383897738976172e+00
1.515586309982484892e+00 3.650109917238367920e+11 4.952857245563358823e+00 4.315540957579186440e+09 3.370650741440785885e+09 1.995476049790838957e+09 2.128222192003701925e+09 1.071769780458156943e+09 1.956764828687709570e+09 5.519633194746240701e-01
9.968954818817400421e-01 5.131486006517456818e+10 4.667039384609235064e+00 4.715577131311758041e+09 3.620672700890824318e+09 4.374118016929030418e+09 1.980933501044544220e+10 1.210284279974256516e+09 2.818231823199466228e+09 1.102116040858457602e+00
5.574672937759352909e-01 3.531018991098561096e+10 2.675961461684972953e+00 4.201198734972095013e+09 3.237706136367366314e+09 2.983496598220413685e+09 1.875621947666633606e+09 2.406217730393705845e+09 2.029612236523859536e+01 4.347667406364204568e-01
1.152368461190161231e+00 2.334108790170860291e+10 3.961610537751396599e+00 6.588971562387363434e+09 2.475881602334781170e+09 2.389715828065467834e+09 1.642241291158752441e+11 6.417801184203567505e+08 2.084723295784008741e+09 3.473021668639868498e-01
8.313898116907552094e-01 6.589803104822579956e+10 4.252486482685953639e+00 1.928088230335327911e+10 2.151630090127758484e+11 4.574184343587222099e+09 3.369936520181632042e+09 1.497086369533190012e+09 6.379867567819817066e+08 1.686326867928958695e+00
8.969310731718783680e-01 2.445298084553979492e+10 3.952444850654808217e+00 2.639633802709801197e+09 2.761488585247831345e+09 2.884514310504632950e+09 1.452575975159495354e+09 1.067243159146523237e+09 1.460621010824820280e+09 1.711278410366465330e+00
9.824008512013265859e-01 3.605508545847896576e+10 3.886198149926418210e+00 4.476310634272228241e+10 1.971939588348538637e+09 3.675631334916820526e+09 1.209032030195237637e+09 6.488341457655883460e+01 6.991763847999500275e+09 8.500093543545091945e-01
1.310417766891199376e+00 6.156009116409364319e+10 3.370538850454690483e+00 3.701234961085106850e+09 4.977865849126009369e+10 3.675089145928365707e+09 1.811593187713006496e+09 7.924003882908473015e+08 2.119190636868663311e+09 1.077565985399880244e+00
1.223279294215168456e+00 3.651398032562186432e+10 3.099212230513366695e+00 6.501545753815719604e+09 3.615056609788328648e+09 4.266303552382142067e+09 2.132492889869166374e+09 8.961408793218281269e+08 1.066902791779834986e+09 1.196521889667018668e+00
1.110058188305096394e+00 3.540903605373350220e+11 4.134367417651677812e+00 6.518524784532927513e+09 3.399492162256867886e+09 3.765805466688329220e+09 2.604432509094658375e+09 6.319081151522154808e+09 1.048431353455089211e+09 1.627966414787268778e+00
1.185168632717108483e+00 2.979957259151566315e+10 5.562955009205308166e+00 2.974804684814826050e+11 3.983516639677296162e+09 5.417170023508071899e+09 5.006202065080504608e+10 7.773302816882821083e+09 8.622342501339467764e+08 2.274354138842567429e+07
1.019255950019062551e+00 4.689784479569133759e+10 4.036107971641837544e+00 4.663728370029254913e+09 5.691520398696523666e+09 6.201482195997050285e+09 2.508899243836901665e+09 1.109886900079472065e+09 5.256071495952015877e+09 1.280680487601191908e+00
1.053604681878603566e+00 6.549998855869832611e+10 4.072871859972817532e+00 1.284329991617016411e+10 1.502784523650009346e+10 1.367488294299012451e+12 6.885755383104186058e+09 1.428793612681781054e+09 8.574868102371895313e+08 1.207198468897868748e+00
9.546672153618035450e-01 2.159750458986693573e+10 4.494964566682414286e+00 2.277928968941423416e+09 3.128560127885396004e+09 2.955501014810148239e+09 1.429558759920393705e+09 1.190296381020795256e+08 2.566249694161165059e+08 2.921641472683161211e+00
1.007122619277628806e+00 1.771071086992368317e+10 3.828902947140448543e+00 3.366005929442783833e+09 1.110256128335949183e+09 2.146391587272692442e+09 1.617734173516400337e+09 1.050326959787378311e+09 3.943888409704108255e+00 1.655213918521256877e+00
1.145873412094915889e+00 3.932468678048902130e+10 4.227687887044342396e+00 4.964141428108231544e+09 3.574725169159953594e+09 3.667393980584637642e+09 2.428247182613765717e+09 1.013100499668386221e+09 1.321623126379625130e+10 1.184033439311197977e+00
7.047489399499599072e-01 4.955854605467322540e+10 3.099585831274402903e+00 6.296555109606924057e+09 6.202530339617517471e+09 1.089070687269635963e+10 2.440608343295058250e+09 3.560592773835717678e+09 8.209766408138071299e+08 1.762816266654165576e+00
1.007959949300856639e+00 3.322002072429742813e+10 4.154444358138408511e+00 1.702598610270593262e+10 1.654744603575769043e+11 2.423875086566530704e+09 1.982481005306661844e+09 1.228174336366132736e+09 8.074679285520789623e+08 2.050001101535938382e+08
